2 0.253125 0.26015625 0.275 0.075
2 0.7515625 0.26015625 0.2765625 0.075
2 0.7515625 0.66015625 0.2734375 0.46953125
2 0.253125 0.68125 0.2734375 0.50859375
5 0.2515625 0.05859375 0.24921875 0.04921875
5 0.75078125 0.0578125 0.2671875 0.05078125
5 0.6421875 0.39375 0.0640625 0.03828125
5 0.17578125 0.3984375 0.128125 0.04375
7 0.14296875 0.7546875 0.0546875 0.04296875
7 0.17578125 0.7109375 0.06640625 0.0421875
7 0.18359375 0.6671875 0.07890625 0.04609375
7 0.1828125 0.62265625 0.078125 0.04453125
7 0.17421875 0.57734375 0.06328125 0.040625
7 0.17109375 0.5328125 0.103125 0.046875
7 0.17265625 0.8890625 0.0578125 0.040625
7 0.178125 0.84453125 0.06875 0.04296875
7 0.17734375 0.80234375 0.0671875 0.0421875
7 0.6671875 0.85859375 0.09921875 0.0421875
7 0.65625 0.7984375 0.07265625 0.04609375
7 0.653125 0.75625 0.06640625 0.04375
7 0.65234375 0.71171875 0.0640625 0.046875
7 0.6359375 0.66328125 0.03203125 0.04296875
7 0.65 0.62109375 0.059375 0.03828125
7 0.653125 0.57890625 0.065625 0.046875
7 0.65390625 0.53203125 0.06796875 0.04609375
5 0.175 0.190625 0.140625 0.0484375
5 0.63828125 0.19296875 0.065625 0.0484375