2 0.26875 0.6296875 0.2328125 0.4796875
7 0.228125 0.7796875 0.11015625 0.06015625
7 0.21796875 0.69140625 0.084375 0.06015625
7 0.2234375 0.584375 0.0953125 0.0609375
0 0.03515625 0.18671875 0.03515625 0.0609375
0 0.08203125 0.1890625 0.0328125 0.0609375
0 0.125 0.18828125 0.0453125 0.06015625
0 0.7578125 0.18828125 0.04609375 0.06953125
0 0.8078125 0.18515625 0.0328125 0.0671875
0 0.85390625 0.1890625 0.0328125 0.0609375
6 0.9171875 0.1875 0.05703125 0.0765625
0 0.96484375 0.18828125 0.0234375 0.06953125
4 0.44765625 0.18984375 0.553125 0.08203125
10 0.18203125 0.07578125 0.3296875 0.09765625
10 0.38359375 0.0796875 0.06328125 0.1