1 0.278125 0.4484375 0.04375 0.09453125
1 0.48671875 0.44765625 0.04609375 0.090625
1 0.69609375 0.45078125 0.04375 0.09296875
1 0.90546875 0.4484375 0.046875 0.09296875
1 0.2796875 0.84140625 0.040625 0.09296875
1 0.4875 0.840625 0.0453125 0.0859375
1 0.6953125 0.840625 0.040625 0.0953125
1 0.90625 0.83984375 0.0453125 0.08984375
5 0.28046875 0.06640625 0.1015625 0.0796875
5 0.49140625 0.06484375 0.11875 0.08046875
5 0.6953125 0.071875 0.1015625 0.090625
5 0.90546875 0.0640625 0.1171875 0.0796875
5 0.06640625 0.35 0.05 0.08046875
5 0.0703125 0.73515625 0.05234375 0.084375