2 0.5 0.5296875 0.21484375 0.7
7 0.47890625 0.4359375 0.14609375 0.0484375
1 0.42109375 0.43515625 0.021875 0.03828125
7 0.4796875 0.50078125 0.14609375 0.0515625
1 0.421875 0.5015625 0.021875 0.0421875
7 0.4796875 0.56640625 0.1453125 0.0484375
5 0.45703125 0.6296875 0.10625 0.0421875
1 0.42109375 0.56484375 0.01953125 0.0359375
7 0.4765625 0.69453125 0.1421875 0.05234375
1 0.4203125 0.69453125 0.01875 0.0421875
7 0.478125 0.7609375 0.14453125 0.04921875
1 0.42109375 0.7609375 0.02421875 0.03828125
7 0.47734375 0.8234375 0.1453125 0.05
1 0.4203125 0.8234375 0.01953125 0.03984375
10 0.4484375 0.21640625 0.10859375 0.0671875
5 0.446875 0.15703125 0.1046875 0.03359375
5 0.45859375 0.3765625 0.09765625 0.03046875
5 0.4625 0.28828125 0.1109375 0.05