1 0.725 0.3921875 0.02265625 0.04296875
1 0.7234375 0.45859375 0.021875 0.03828125
1 0.7234375 0.528125 0.025 0.0390625
2 0.7296875 0.66796875 0.146875 0.071875
1 0.725 0.5953125 0.025 0.04375
1 0.70390625 0.66484375 0.0171875 0.0390625
2 0.72734375 0.32421875 0.13671875 0.0625
1 0.50859375 0.27890625 0.0546875 0.06015625
1 0.50625 0.40703125 0.04140625 0.0671875
1 0.50625 0.5328125 0.04140625 0.0890625
1 0.50546875 0.66015625 0.0484375 0.0796875
1 0.5046875 0.7828125 0.04296875 0.0671875
5 0.18984375 0.28515625 0.21875 0.05234375
5 0.190625 0.409375 0.21484375 0.05234375
5 0.18125 0.5375 0.1890625 0.04453125
5 0.18046875 0.66015625 0.1859375 0.0453125
5 0.18828125 0.78203125 0.2046875 0.040625
5 0.753125 0.77265625 0.240625 0.04140625
5 0.76640625 0.39296875 0.0421875 0.03828125
5 0.77578125 0.4625 0.06484375 0.03984375
5 0.7765625 0.52734375 0.0609375 0.0328125
5 0.7765625 0.596875 0.05859375 0.04296875
5 0.7578125 0.6671875 0.06796875 0.0390625
5 0.2140625 0.1421875 0.2796875 0.05234375
5 0.1171875 0.08984375 0.08828125 0.034375