1 0.0703125 0.45 0.04296875 0.05390625
1 0.06953125 0.55078125 0.03515625 0.0609375
1 0.071875 0.64765625 0.03828125 0.06875
1 0.07109375 0.7484375 0.03828125 0.0609375
1 0.07109375 0.84765625 0.04296875 0.0765625
5 0.66015625 0.46171875 0.20234375 0.0734375
5 0.21328125 0.85234375 0.22109375 0.07421875
5 0.21875 0.75 0.228125 0.06953125
5 0.215625 0.65234375 0.22109375 0.06484375
5 0.21640625 0.55625 0.2234375 0.0734375
5 0.21328125 0.4515625 0.22109375 0.06328125
5 0.69140625 0.3109375 0.26953125 0.07109375
5 0.17421875 0.31328125 0.25546875 0.06015625
0 0.85 0.4578125 0.04375 0.06875
5 0.89375 0.45703125 0.02421875 0.05625
0 0.93828125 0.4578125 0.03984375 0.0796875
8 0.5921875 0.15 0.07890625 0.13125
8 0.071875 0.1515625 0.0828125 0.16484375