2 0.5 0.2734375 0.3109375 0.38203125
2 0.82421875 0.27578125 0.30859375 0.3828125
2 0.17578125 0.27265625 0.3125 0.38515625
2 0.1765625 0.78203125 0.31171875 0.3828125
2 0.49921875 0.78515625 0.3078125 0.38046875
7 0.42734375 0.428125 0.14765625 0.03671875
7 0.4265625 0.37734375 0.146875 0.03515625
7 0.42578125 0.325 0.14453125 0.03828125
7 0.428125 0.27265625 0.1421875 0.03671875
7 0.42734375 0.2234375 0.14765625 0.03359375
7 0.4265625 0.17265625 0.1484375 0.04140625
1 0.37109375 0.17109375 0.0171875 0.0203125
1 0.36875 0.22109375 0.0171875 0.02265625
1 0.36875 0.275 0.015625 0.02265625
1 0.36953125 0.328125 0.01875 0.025
1 0.36875 0.3765625 0.01953125 0.0234375
1 0.36953125 0.428125 0.0203125 0.02421875
7 0.75 0.4296875 0.1484375 0.04921875
7 0.74765625 0.375 0.146875 0.0375
7 0.75234375 0.32578125 0.14375 0.03515625
7 0.75078125 0.27578125 0.1453125 0.034375
7 0.75078125 0.2234375 0.1453125 0.03515625
7 0.7296875 0.1734375 0.109375 0.040625
1 0.6921875 0.171875 0.01953125 0.021875
1 0.69296875 0.22578125 0.0203125 0.021875
1 0.6921875 0.275 0.01875 0.02421875
1 0.6921875 0.3265625 0.0171875 0.02421875
1 0.6921875 0.3765625 0.01875 0.0234375
1 0.6921875 0.42890625 0.01875 0.02734375
7 0.10390625 0.93828125 0.15078125 0.03671875
7 0.103125 0.88984375 0.153125 0.03828125
7 0.10546875 0.8375 0.1484375 0.03828125
7 0.10625 0.78671875 0.14921875 0.03671875
7 0.10625 0.73828125 0.16015625 0.03671875
1 0.046875 0.7359375 0.021875 0.021875
1 0.046875 0.7875 0.021875 0.0265625
1 0.046875 0.8375 0.021875 0.0234375
1 0.04609375 0.88984375 0.0203125 0.025
1 0.04609375 0.93984375 0.0203125 0.02265625
7 0.42890625 0.940625 0.15078125 0.04453125
7 0.42890625 0.8890625 0.1484375 0.040625
7 0.428125 0.8359375 0.1515625 0.0359375
7 0.42890625 0.78515625 0.15625 0.03359375
7 0.4046875 0.73515625 0.109375 0.03671875
1 0.3703125 0.7359375 0.0203125 0.0203125
1 0.3703125 0.7875 0.01953125 0.02421875
1 0.36875 0.8390625 0.01953125 0.0265625
1 0.36875 0.8890625 0.021875 0.0265625
1 0.36875 0.94140625 0.0171875 0.0234375
5 0.1296875 0.04921875 0.2296875 0.0484375
5 0.42421875 0.0484375 0.17109375 0.0515625
5 0.75390625 0.05 0.18203125 0.05
5 0.10234375 0.56015625 0.16953125 0.05
5 0.46953125 0.56171875 0.259375 0.05234375
7 0.09375 0.4296875 0.121875 0.03203125
7 0.0921875 0.375 0.121875 0.03359375
7 0.0921875 0.32421875 0.121875 0.03125
7 0.08984375 0.27421875 0.1171875 0.034375
7 0.09296875 0.221875 0.11796875 0.03046875
7 0.08984375 0.16953125 0.121875 0.03359375
7 0.06953125 0.684375 0.08359375 0.03359375
7 0.390625 0.684375 0.06953125 0.03515625