1 0.3421875 0.0890625 0.10859375 0.10859375
1 0.3421875 0.4109375 0.11015625 0.1078125
5 0.5390625 0.56953125 0.28515625 0.10546875
5 0.5765625 0.73125 0.3546875 0.11328125
5 0.56875 0.8921875 0.34453125 0.11640625
5 0.56328125 0.08515625 0.3390625 0.11015625
5 0.571875 0.246875 0.34375 0.1109375
5 0.578125 0.409375 0.359375 0.10546875
1 0.33671875 0.24765625 0.1171875 0.12421875
1 0.33359375 0.5703125 0.1109375 0.13046875
1 0.33359375 0.73125 0.11484375 0.1296875
1 0.33046875 0.890625 0.11484375 0.13515625