1 0.1296875 0.6828125 0.0171875 0.03046875
1 0.18125 0.7796875 0.0171875 0.0328125
1 0.18125 0.83125 0.0171875 0.03046875
1 0.18359375 0.88671875 0.0171875 0.03515625
6 0.06953125 0.196875 0.1390625 0.0609375
0 0.04765625 0.11484375 0.03125 0.04140625
0 0.08515625 0.11484375 0.03125 0.04609375
1 0.1828125 0.93828125 0.015625 0.0328125
0 0.12734375 0.1171875 0.0265625 0.046875
5 0.246875 0.690625 0.2046875 0.0625
5 0.2375 0.83515625 0.08046875 0.04609375
5 0.2390625 0.78359375 0.0875 0.04375
5 0.15546875 0.346875 0.1890625 0.06328125
5 0.4328125 0.553125 0.65078125 0.0859375
5 0.23671875 0.89296875 0.08125 0.046875
5 0.225 0.95078125 0.0625 0.05
5 0.4859375 0.85859375 0.171875 0.05390625
10 0.125 0.0359375 0.25 0.0703125
10 0.37734375 0.0390625 0.253125 0.078125
10 0.5328125 0.0375 0.0515625 0.0703125
0 0.0109375 0.11171875 0.021875 0.0515625
4 0.57265625 0.11328125 0.8515625 0.06328125
6 0.23828125 0.1953125 0.178125 0.06875
6 0.43125 0.19453125 0.19140625 0.05703125
6 0.56796875 0.1921875 0.07421875 0.0625
6 0.6546875 0.196875 0.09140625 0.04765625
6 0.76640625 0.1953125 0.1265625 0.04375
6 0.9171875 0.1921875 0.1640625 0.0671875