1 0.14375 0.46796875 0.03984375 0.0640625
1 0.1453125 0.796875 0.04296875 0.0640625
1 0.14375 0.68984375 0.0375 0.059375
1 0.10703125 0.24765625 0.03984375 0.0578125
1 0.10703125 0.5796875 0.03203125 0.06171875
1 0.10625 0.3609375 0.0359375 0.0625
5 0.22265625 0.246875 0.1703125 0.096875
5 0.22734375 0.353125 0.15625 0.071875
5 0.303125 0.46171875 0.225 0.07421875
5 0.246875 0.571875 0.2046875 0.06484375
5 0.31171875 0.7890625 0.25 0.07421875
5 0.3 0.6828125 0.2359375 0.071875
10 0.1578125 0.09375 0.2859375 0.10390625
10 0.46484375 0.0953125 0.31953125 0.1078125