1 0.0375 0.1296875 0.0265625 0.040625
1 0.03984375 0.2046875 0.0265625 0.040625
1 0.03828125 0.27734375 0.0265625 0.0375
1 0.0390625 0.35 0.025 0.03984375
1 0.03984375 0.4265625 0.02421875 0.04296875
1 0.0375 0.50078125 0.02421875 0.0375
1 0.03984375 0.5734375 0.02421875 0.03984375
1 0.03828125 0.646875 0.0265625 0.03828125
1 0.03828125 0.7203125 0.02421875 0.0421875
1 0.03828125 0.79296875 0.0234375 0.0328125
5 0.14765625 0.11484375 0.16484375 0.04921875
5 0.34296875 0.1125 0.16953125 0.0375
5 0.56875 0.11484375 0.09765625 0.0421875
5 0.69765625 0.115625 0.03671875 0.0390625
5 0.8171875 0.115625 0.11953125 0.0453125
5 0.9375 0.1125 0.084375 0.04765625
5 0.1296875 0.1875 0.13125 0.0390625
5 0.34609375 0.18359375 0.17578125 0.04375
5 0.59765625 0.18671875 0.140625 0.03671875
5 0.703125 0.1875 0.046875 0.03671875
5 0.8171875 0.18671875 0.115625 0.03984375
5 0.93984375 0.1859375 0.08984375 0.053125
5 0.93359375 0.26171875 0.08515625 0.05234375
5 0.93203125 0.33359375 0.084375 0.05546875
5 0.9375 0.40859375 0.078125 0.0484375
5 0.9359375 0.48125 0.08046875 0.0578125
5 0.93359375 0.55234375 0.075 0.05234375
5 0.934375 0.6296875 0.071875 0.0484375
5 0.940625 0.7015625 0.08359375 0.04921875
5 0.13359375 0.259375 0.1421875 0.04453125
5 0.15625 0.33515625 0.1796875 0.04921875
5 0.1375 0.40625 0.146875 0.04609375
5 0.12890625 0.4859375 0.13203125 0.05390625
5 0.1484375 0.553125 0.16640625 0.04375
5 0.1359375 0.6296875 0.14140625 0.0484375
5 0.1140625 0.6984375 0.10234375 0.04609375
0 0.0984375 0.85 0.09375 0.0546875
5 0.128125 0.77265625 0.13046875 0.04609375
5 0.359375 0.2609375 0.196875 0.0578125
5 0.36171875 0.3359375 0.21015625 0.05234375
5 0.34453125 0.40546875 0.16953125 0.040625
5 0.36328125 0.48515625 0.21015625 0.04765625
5 0.35078125 0.55625 0.17265625 0.05234375
5 0.36328125 0.63203125 0.21328125 0.05
5 0.34609375 0.7015625 0.17578125 0.04765625
0 0.31171875 0.8515625 0.115625 0.0671875
5 0.3359375 0.775 0.15390625 0.0484375
5 0.57421875 0.25859375 0.090625 0.04140625
5 0.57734375 0.3359375 0.09921875 0.040625
5 0.5796875 0.403125 0.10703125 0.03984375
5 0.58125 0.48359375 0.10234375 0.04453125
5 0.6 0.55234375 0.14140625 0.04765625
5 0.596875 0.62734375 0.14296875 0.04921875
5 0.58046875 0.70390625 0.10078125 0.05390625
0 0.56484375 0.8484375 0.084375 0.0609375
5 0.58515625 0.778125 0.11484375 0.05
5 0.69921875 0.26015625 0.034375 0.04453125
5 0.696875 0.3359375 0.03984375 0.04296875
5 0.70078125 0.403125 0.0453125 0.04609375
5 0.696875 0.48125 0.0375 0.03828125
5 0.69921875 0.55234375 0.03984375 0.04453125
5 0.7 0.63125 0.03671875 0.04921875
5 0.7 0.7 0.0359375 0.04140625
0 0.71640625 0.94375 0.0953125 0.05625
0 0.71015625 0.84921875 0.05859375 0.05703125
5 0.6984375 0.77578125 0.0375 0.04921875
5 0.815625 0.2609375 0.11484375 0.0484375
5 0.81484375 0.3359375 0.1125 0.0453125
5 0.815625 0.40390625 0.121875 0.04375
5 0.8171875 0.48125 0.11484375 0.04296875
5 0.81875 0.55234375 0.1203125 0.0453125
5 0.8171875 0.62734375 0.11484375 0.046875
5 0.81875 0.70234375 0.11796875 0.04296875
0 0.79921875 0.9375 0.03203125 0.0734375
0 0.8125 0.85 0.12109375 0.06484375
5 0.81796875 0.7765625 0.1171875 0.046875
0 0.8515625 0.94765625 0.028125 0.05
0 0.94140625 0.846875 0.1015625 0.06328125
5 0.93828125 0.77578125 0.07890625 0.04609375
0 0.1046875 0.0375 0.16953125 0.05625
0 0.30546875 0.04296875 0.11328125 0.07109375
0 0.57109375 0.0421875 0.0828125 0.0546875
0 0.7015625 0.03828125 0.05625 0.04765625
0 0.81328125 0.0375 0.1265625 0.0546875
0 0.940625 0.040625 0.09921875 0.0515625
0 0.9015625 0.95 0.03046875 0.04375
0 0.96171875 0.94609375 0.05859375 0.0609375