2 0.49921875 0.20546875 0.1234375 0.075
2 0.50859375 0.31328125 0.1390625 0.078125
1 0.61328125 0.40546875 0.01953125 0.03203125
5 0.48359375 0.57734375 0.078125 0.0515625
1 0.6125 0.51875 0.01640625 0.03046875
5 0.4953125 0.6921875 0.1125 0.0609375
1 0.6140625 0.63359375 0.0171875 0.03515625
5 0.48984375 0.8046875 0.090625 0.0625
1 0.6140625 0.74140625 0.01640625 0.03203125
0 0.92734375 0.9359375 0.11015625 0.07734375
5 0.2328125 0.30625 0.08515625 0.07578125
5 0.26015625 0.20234375 0.14921875 0.0671875
5 0.25546875 0.4203125 0.12578125 0.06328125
5 0.471875 0.4640625 0.07421875 0.05390625