1 0.1125 0.2546875 0.08984375 0.04609375
1 0.1109375 0.3171875 0.08984375 0.0421875
1 0.1109375 0.38203125 0.09375 0.04375
1 0.11328125 0.44765625 0.08984375 0.04609375
1 0.11171875 0.51015625 0.09296875 0.04609375
1 0.1109375 0.5734375 0.0875 0.04609375
1 0.1125 0.63828125 0.08984375 0.04765625
1 0.1125 0.7015625 0.0921875 0.04765625
1 0.11015625 0.76875 0.0890625 0.04296875
1 0.1125 0.828125 0.0921875 0.04296875
0 0.4984375 0.88515625 0.3484375 0.09296875
0 0.0859375 0.0765625 0.06484375 0.04609375
5 0.52421875 0.38125 0.68203125 0.04375
5 0.3859375 0.31953125 0.41015625 0.05703125
5 0.31328125 0.25390625 0.26953125 0.0484375
5 0.52890625 0.575 0.696875 0.04609375
5 0.4875 0.51015625 0.62890625 0.0484375
5 0.3 0.446875 0.234375 0.0390625
5 0.43125 0.7703125 0.4953125 0.0515625
5 0.4578125 0.7046875 0.559375 0.04765625
5 0.29140625 0.6359375 0.22578125 0.04609375
5 0.2421875 0.8328125 0.128125 0.0390625