1 0.46328125 0.20703125 0.02265625 0.0484375
1 0.46328125 0.49765625 0.01875 0.04375
1 0.42890625 0.10703125 0.0203125 0.05
1 0.4625 0.3078125 0.0234375 0.046875
1 0.42890625 0.3953125 0.0203125 0.046875
1 0.46171875 0.5984375 0.0234375 0.053125
1 0.4265625 0.690625 0.02265625 0.046875
1 0.46328125 0.790625 0.02265625 0.040625
1 0.4640625 0.8890625 0.021875 0.04765625
5 0.4890625 0.10625 0.08671875 0.0484375
5 0.5375 0.21015625 0.11328125 0.053125
5 0.5375 0.30703125 0.10859375 0.05859375
5 0.4890625 0.40234375 0.0875 0.05078125
5 0.5359375 0.5 0.1078125 0.05703125
5 0.53671875 0.6015625 0.11171875 0.05703125
5 0.4875 0.69140625 0.08671875 0.05234375
5 0.53671875 0.79375 0.11328125 0.05703125
5 0.53671875 0.89140625 0.11171875 0.0546875