0 0.08515625 0.15859375 0.09453125 0.0421875
0 0.0828125 0.25078125 0.10625 0.05
0 0.08125 0.34453125 0.0890625 0.0578125
0 0.08828125 0.4359375 0.10234375 0.04765625
0 0.0875 0.52578125 0.08671875 0.053125
0 0.078125 0.6625 0.1015625 0.0625
0 0.08046875 0.790625 0.10078125 0.05859375
0 0.0828125 0.88359375 0.09453125 0.05625
0 0.1015625 0.94609375 0.0875 0.05546875
0 0.30390625 0.94375 0.08671875 0.05625
0 0.51875 0.94609375 0.13671875 0.0625
0 0.70390625 0.9484375 0.07890625 0.06171875
0 0.9015625 0.9484375 0.090625 0.059375
5 0.3578125 0.15859375 0.41328125 0.05859375
5 0.49921875 0.07109375 0.134375 0.05390625
5 0.303125 0.2484375 0.2953125 0.04609375
5 0.328125 0.34140625 0.33828125 0.05625
5 0.240625 0.43203125 0.171875 0.05390625
5 0.31484375 0.52421875 0.3203125 0.05390625
5 0.30703125 0.6609375 0.303125 0.05859375
5 0.31875 0.79375 0.32265625 0.06171875
5 0.26015625 0.88046875 0.2109375 0.040625