4 0.4859375 0.63359375 0.91953125 0.58203125
3 0.38359375 0.29765625 0.084375 0.06953125
3 0.09765625 0.12578125 0.12265625 0.1453125
5 0.42421875 0.12265625 0.509375 0.0765625
5 0.525 0.29140625 0.19765625 0.06328125
5 0.2046875 0.453125 0.34921875 0.0640625
5 0.090625 0.38359375 0.12890625 0.0625
5 0.2 0.87578125 0.28203125 0.06640625
5 0.2234375 0.80859375 0.32890625 0.053125
5 0.2375 0.734375 0.35234375 0.0640625
5 0.20078125 0.66328125 0.27890625 0.0546875
5 0.19375 0.59296875 0.26875 0.0671875
5 0.1515625 0.52421875 0.184375 0.0625
5 0.6921875 0.45 0.48125 0.05859375
5 0.63125 0.5953125 0.35078125 0.06015625
5 0.62890625 0.525 0.35390625 0.071875
5 0.4828125 0.73828125 0.0578125 0.0765625
5 0.51328125 0.66484375 0.1265625 0.06953125