3 0.03984375 0.0296875 0.05078125 0.04765625
0 0.03984375 0.1 0.0390625 0.053125
0 0.03984375 0.16796875 0.03828125 0.0390625
3 0.03984375 0.45625 0.05546875 0.0640625
0 0.040625 0.528125 0.040625 0.05390625
0 0.0421875 0.5890625 0.04296875 0.04296875
3 0.04765625 0.7109375 0.05859375 0.05625
0 0.04375 0.778125 0.0375 0.0484375
0 0.0421875 0.84453125 0.0359375 0.05
0 0.3671875 0.02734375 0.025 0.0296875
0 0.11015625 0.08671875 0.0328125 0.03125
0 0.11015625 0.1375 0.025 0.03203125
0 0.1078125 0.1953125 0.025 0.0390625
0 0.11015625 0.5140625 0.025 0.03203125
0 0.11171875 0.571875 0.03046875 0.0328125
0 0.11015625 0.6203125 0.02734375 0.03203125
0 0.115625 0.76484375 0.0296875 0.03828125
0 0.1140625 0.815625 0.0265625 0.028125
0 0.11484375 0.871875 0.0265625 0.0359375
0 0.3671875 0.7046875 0.021875 0.028125
0 0.365625 0.45390625 0.02734375 0.034375
0 0.4375 0.7609375 0.0546875 0.0390625
0 0.4328125 0.70390625 0.028125 0.0296875
0 0.47421875 0.7078125 0.028125 0.028125
0 0.43359375 0.5078125 0.0515625 0.04453125
0 0.43046875 0.45234375 0.028125 0.02421875
0 0.4640625 0.453125 0.02265625 0.02734375
0 0.4328125 0.08203125 0.053125 0.04375
0 0.43125 0.0296875 0.025 0.03203125
0 0.46640625 0.03203125 0.028125 0.0265625
5 0.16328125 0.0859375 0.06953125 0.04375
5 0.16015625 0.1375 0.075 0.03359375
5 0.15625 0.19609375 0.0625 0.0375
5 0.16171875 0.51328125 0.078125 0.0328125
5 0.16484375 0.5671875 0.07578125 0.0328125
5 0.15625 0.6203125 0.0578125 0.03125
5 0.16796875 0.7625 0.07578125 0.0375
5 0.16484375 0.815625 0.0703125 0.03515625
5 0.15859375 0.87109375 0.0609375 0.0296875
4 0.72890625 0.2796875 0.5421875 0.2578125
5 0.65390625 0.26328125 0.3765625 0.028125
5 0.5625 0.21875 0.196875 0.0359375
5 0.56484375 0.178125 0.19921875 0.03515625
5 0.61015625 0.3046875 0.2875 0.0296875
5 0.55234375 0.3875 0.16953125 0.03359375
5 0.55859375 0.34609375 0.18203125 0.03359375
4 0.6203125 0.61640625 0.31328125 0.0875
4 0.5296875 0.9171875 0.12265625 0.16484375
5 0.52109375 0.64375 0.10859375 0.028125
5 0.50625 0.60078125 0.07890625 0.03359375
5 0.5140625 0.9796875 0.0796875 0.02421875
5 0.51796875 0.9390625 0.0953125 0.02109375
5 0.51484375 0.89609375 0.08359375 0.02265625
5 0.51171875 0.8578125 0.07890625 0.01953125
4 0.74765625 0.02890625 0.49140625 0.04140625
4 0.63359375 0.45234375 0.27578125 0.034375
4 0.54609375 0.70703125 0.09453125 0.040625
5 0.13828125 0.0265625 0.0921875 0.04609375
5 0.13515625 0.453125 0.0828125 0.03984375
5 0.13828125 0.69921875 0.08046875 0.04140625