0 0.109375 0.22265625 0.153125 0.053125
0 0.10859375 0.28359375 0.153125 0.0453125
0 0.109375 0.32734375 0.03359375 0.03125
0 0.125 0.4171875 0.1375 0.10390625
10 0.040625 0.62265625 0.0515625 0.04453125
10 0.45703125 0.621875 0.05703125 0.046875
10 0.8640625 0.621875 0.0578125 0.0515625
4 0.640625 0.7203125 0.13828125 0.0390625
4 0.47265625 0.71015625 0.08671875 0.07734375
4 0.2015625 0.71015625 0.35234375 0.0546875
4 0.21640625 0.665625 0.353125 0.03359375
2 0.52578125 0.221875 0.11015625 0.0375
2 0.26875 0.29375 0.1078125 0.2109375
2 0.284375 0.51484375 0.14375 0.225
2 0.94609375 0.3890625 0.01875 0.0359375
7 0.25703125 0.35625 0.07421875 0.02109375
7 0.2578125 0.328125 0.07421875 0.0171875
7 0.2578125 0.3015625 0.075 0.021875
7 0.2578125 0.2734375 0.07578125 0.01953125
7 0.2578125 0.2453125 0.07578125 0.0203125
7 0.2578125 0.5734375 0.075 0.01875
7 0.25859375 0.54609375 0.07734375 0.01953125
7 0.25859375 0.51875 0.07578125 0.0203125
7 0.259375 0.4890625 0.0765625 0.01875
7 0.2578125 0.46171875 0.07734375 0.02265625
1 0.60234375 0.3171875 0.0125 0.02109375
1 0.81796875 0.21796875 0.01328125 0.021875
1 0.78828125 0.31015625 0.01328125 0.021875
1 0.86640625 0.37265625 0.0140625 0.02265625
5 0.63125 0.31875 0.04140625 0.01640625
5 0.81328125 0.3859375 0.053125 0.01640625
5 0.81796875 0.31015625 0.04140625 0.01640625
5 0.909375 0.31328125 0.053125 0.01484375
5 0.89609375 0.371875 0.04140625 0.0171875
5 0.909375 0.26171875 0.05234375 0.01640625
5 0.91171875 0.21796875 0.053125 0.01484375
5 0.8484375 0.21796875 0.04296875 0.01640625
8 0.8765625 0.2171875 0.0109375 0.01953125
8 0.8734375 0.26015625 0.0109375 0.01875
8 0.87265625 0.31171875 0.0109375 0.01875
8 0.778125 0.38359375 0.01171875 0.0203125