0 0.11015625 0.30703125 0.159375 0.05625
0 0.4625 0.2796875 0.1421875 0.1171875
0 0.81328125 0.25625 0.159375 0.05703125
0 0.10703125 0.41484375 0.03671875 0.03671875
10 0.04921875 0.63671875 0.04609375 0.03515625
10 0.090625 0.6375 0.04609375 0.03203125
10 0.13359375 0.63671875 0.04375 0.03515625
4 0.4125 0.64765625 0.3515625 0.03671875
4 0.55 0.71953125 0.0875 0.07734375
4 0.7734375 0.71953125 0.35546875 0.115625
4 0.11328125 0.66953125 0.13359375 0.0296875
2 0.4421875 0.51328125 0.10859375 0.21328125
2 0.3140625 0.35234375 0.11015625 0.0375
2 0.3015625 0.50859375 0.14375 0.2359375
2 0.9171875 0.4390625 0.01796875 0.03671875
7 0.43203125 0.5765625 0.075 0.0203125
7 0.43125 0.5484375 0.075 0.0171875
7 0.43125 0.52109375 0.07578125 0.02109375
7 0.43125 0.49140625 0.07578125 0.02109375
7 0.43203125 0.46640625 0.07578125 0.0234375
7 0.27578125 0.5734375 0.07734375 0.02109375
7 0.275 0.54609375 0.07890625 0.0171875
7 0.275 0.51953125 0.07578125 0.01953125
7 0.27578125 0.49140625 0.0765625 0.0203125
7 0.2765625 0.46328125 0.078125 0.02265625
1 0.084375 0.3703125 0.01171875 0.01953125
1 0.7296875 0.52109375 0.0125 0.0203125
1 0.79375 0.55625 0.01171875 0.02109375
1 0.87578125 0.38515625 0.0125 0.01953125
5 0.115625 0.36953125 0.0453125 0.02109375
5 0.1765625 0.41328125 0.0546875 0.01953125
8 0.13984375 0.4109375 0.0109375 0.02109375
5 0.76015625 0.521875 0.0421875 0.0171875
5 0.90625 0.38515625 0.04296875 0.01796875
5 0.85390625 0.43125 0.05390625 0.01796875
5 0.85 0.52421875 0.05390625 0.015625
5 0.8234375 0.55703125 0.0421875 0.01875
5 0.740625 0.56796875 0.05234375 0.01796875
8 0.70546875 0.56796875 0.0125 0.0203125
8 0.81484375 0.5234375 0.01171875 0.01875
8 0.81796875 0.42890625 0.0109375 0.02109375