4 0.21640625 0.66640625 0.35546875 0.040625
10 0.0375 0.62265625 0.046875 0.0375
4 0.3015625 0.73046875 0.35546875 0.0578125
0 0.10859375 0.54375 0.15546875 0.05234375
0 0.25 0.22265625 0.1546875 0.0546875
0 0.30390625 0.5640625 0.14140625 0.11171875
0 0.81484375 0.2734375 0.03828125 0.0375
10 0.08046875 0.62421875 0.0421875 0.0328125
10 0.12265625 0.62421875 0.0421875 0.03125
2 0.196875 0.3828125 0.14375 0.24453125
2 0.33671875 0.3859375 0.11015625 0.2140625
2 0.52421875 0.225 0.11171875 0.0390625
2 0.59921875 0.5078125 0.0203125 0.040625
4 0.53671875 0.2859375 0.084375 0.0734375
4 0.5015625 0.53984375 0.134375 0.03203125
7 0.17109375 0.44921875 0.075 0.01875
7 0.1703125 0.42109375 0.075 0.0203125
7 0.1703125 0.3921875 0.07421875 0.01875
7 0.1703125 0.365625 0.075 0.01875
7 0.16953125 0.3375 0.07421875 0.0203125
7 0.32578125 0.3375 0.07421875 0.02265625
7 0.32578125 0.4484375 0.07578125 0.01953125
7 0.32578125 0.41953125 0.07421875 0.0171875
7 0.32578125 0.39296875 0.07421875 0.0171875
7 0.32578125 0.365625 0.07421875 0.0171875
8 0.43125 0.503125 0.01171875 0.021875
8 0.85234375 0.228125 0.0109375 0.01953125
8 0.84921875 0.271875 0.01328125 0.0203125
8 0.84921875 0.3234375 0.0109375 0.01953125
1 0.79375 0.2296875 0.01328125 0.02421875
1 0.7640625 0.321875 0.01171875 0.02109375
1 0.6015625 0.31953125 0.0125 0.02265625
1 0.51953125 0.490625 0.0125 0.02265625
5 0.46640625 0.5046875 0.05234375 0.01796875
5 0.54921875 0.49140625 0.04296875 0.0203125
5 0.63125 0.31953125 0.0421875 0.01953125
5 0.79375 0.32265625 0.0421875 0.01875
5 0.82265625 0.23125 0.04140625 0.01953125
5 0.8875 0.23125 0.05234375 0.01953125
5 0.884375 0.27421875 0.05234375 0.02109375
5 0.884375 0.32578125 0.05390625 0.0203125