0 0.815625 0.259375 0.15546875 0.05625
0 0.46328125 0.2796875 0.14296875 0.11875
0 0.109375 0.30859375 0.1578125 0.0546875
0 0.10546875 0.4140625 0.0390625 0.04140625
10 0.04921875 0.6375 0.04609375 0.03515625
10 0.09140625 0.6375 0.0453125 0.03515625
10 0.1328125 0.6375 0.046875 0.0359375
4 0.77421875 0.721875 0.353125 0.11328125
4 0.36484375 0.68359375 0.353125 0.03984375
4 0.11953125 0.72421875 0.08671875 0.08203125
4 0.24453125 0.74609375 0.1375 0.0390625
2 0.30078125 0.509375 0.1421875 0.234375
7 0.275 0.4640625 0.0734375 0.01640625
7 0.27578125 0.49140625 0.075 0.0171875
7 0.27421875 0.5203125 0.071875 0.01796875
7 0.27421875 0.54765625 0.07421875 0.01796875
7 0.27421875 0.57578125 0.07265625 0.01796875
2 0.4421875 0.5125 0.10859375 0.2078125
7 0.43125 0.465625 0.07421875 0.01875
7 0.43203125 0.49296875 0.075 0.01796875
7 0.43125 0.5203125 0.0734375 0.01640625
7 0.43125 0.54921875 0.0734375 0.01796875
7 0.43125 0.578125 0.07421875 0.01953125
2 0.3140625 0.35234375 0.10703125 0.0328125
2 0.9171875 0.43984375 0.01796875 0.03515625
1 0.084375 0.3703125 0.01328125 0.021875
1 0.7296875 0.521875 0.0125 0.021875
1 0.79375 0.55625 0.0125 0.021875
1 0.87578125 0.38515625 0.0125 0.021875
5 0.1140625 0.3703125 0.03984375 0.01484375
5 0.175 0.41328125 0.0515625 0.01484375
8 0.13984375 0.4125 0.01015625 0.01953125
8 0.81796875 0.42890625 0.0109375 0.01796875
8 0.81484375 0.5234375 0.0109375 0.01796875
8 0.70546875 0.56796875 0.0109375 0.0203125
5 0.90546875 0.38671875 0.040625 0.01640625
5 0.853125 0.43046875 0.053125 0.015625
5 0.85078125 0.525 0.053125 0.0171875
5 0.8234375 0.55625 0.04140625 0.0171875
5 0.759375 0.521875 0.04140625 0.01796875
5 0.740625 0.56953125 0.053125 0.0171875