0 0.5859375 0.403125 0.15390625 0.04453125
0 0.68671875 0.26484375 0.153125 0.05078125
0 0.88046875 0.2828125 0.13984375 0.1578125
4 0.78125 0.55390625 0.35625 0.1171875
0 0.715625 0.446875 0.0328125 0.03359375
10 0.04765625 0.59921875 0.05 0.0390625
10 0.090625 0.60078125 0.05234375 0.04296875
10 0.13359375 0.6015625 0.046875 0.04375
4 0.10078125 0.23125 0.13828125 0.04296875
4 0.715625 0.3375 0.08828125 0.08046875
4 0.41171875 0.64609375 0.35234375 0.03828125
2 0.24375 0.4984375 0.14375 0.23515625
7 0.21640625 0.4546875 0.0734375 0.01796875
7 0.21640625 0.48203125 0.07421875 0.01796875
7 0.21640625 0.509375 0.075 0.01640625
7 0.21640625 0.5375 0.0734375 0.01796875
7 0.21640625 0.565625 0.07421875 0.01796875
2 0.45625 0.49453125 0.10234375 0.20859375
7 0.44765625 0.44765625 0.071875 0.01875
7 0.4484375 0.47421875 0.07421875 0.015625
7 0.4484375 0.503125 0.0734375 0.0171875
7 0.4484375 0.5296875 0.07265625 0.0171875
7 0.4484375 0.5578125 0.07421875 0.0171875
2 0.40625 0.32734375 0.10859375 0.0359375
2 0.91796875 0.43984375 0.01796875 0.03671875
1 0.08125 0.36328125 0.0125 0.02265625
1 0.36640625 0.27734375 0.0125 0.0203125
1 0.69375 0.40234375 0.0125 0.021875
1 0.87578125 0.38515625 0.0125 0.0203125
5 0.1109375 0.36328125 0.04296875 0.0203125
5 0.10625 0.27265625 0.05390625 0.01953125
5 0.41953125 0.37109375 0.0546875 0.0203125
5 0.39609375 0.27890625 0.04453125 0.01875
8 0.07109375 0.26953125 0.01328125 0.021875
8 0.38359375 0.37109375 0.01328125 0.02265625
8 0.81796875 0.42890625 0.01171875 0.01875
8 0.74921875 0.44453125 0.0109375 0.0203125
5 0.7234375 0.40234375 0.0421875 0.0171875
5 0.784375 0.44609375 0.05234375 0.0171875
5 0.85390625 0.4296875 0.05234375 0.01640625
5 0.90546875 0.38515625 0.0421875 0.01796875