0 0.12890625 0.23046875 0.15625 0.05625
0 0.11015625 0.309375 0.15625 0.0453125
0 0.8796875 0.25703125 0.140625 0.11171875
0 0.715625 0.4484375 0.03359375 0.0375
10 0.0484375 0.63671875 0.04765625 0.03671875
10 0.090625 0.6359375 0.0484375 0.03828125
10 0.13359375 0.6359375 0.046875 0.03984375
4 0.11328125 0.66953125 0.134375 0.03046875
4 0.55078125 0.72109375 0.0859375 0.07734375
4 0.4125 0.64765625 0.3515625 0.03359375
4 0.7734375 0.72109375 0.35234375 0.11015625
2 0.9171875 0.440625 0.01875 0.0375
2 0.4421875 0.51328125 0.109375 0.2109375
2 0.3140625 0.353125 0.1078125 0.0359375
2 0.30078125 0.509375 0.14296875 0.23671875
7 0.275 0.57578125 0.075 0.02421875
7 0.275 0.546875 0.075 0.02109375
7 0.275 0.51875 0.0765625 0.0203125
7 0.27578125 0.49140625 0.0765625 0.01953125
7 0.275 0.4640625 0.075 0.0171875
7 0.43125 0.57578125 0.0765625 0.02421875
7 0.43125 0.5484375 0.07578125 0.01953125
7 0.4328125 0.521875 0.0796875 0.0203125
7 0.43203125 0.49453125 0.07734375 0.02109375
7 0.43046875 0.4640625 0.07578125 0.01953125
1 0.87578125 0.38515625 0.0125 0.021875
1 0.69375 0.4015625 0.0125 0.02109375
1 0.7296875 0.52109375 0.0125 0.02109375
1 0.79375 0.55625 0.01328125 0.021875
8 0.70546875 0.5671875 0.0109375 0.0203125
8 0.81484375 0.5234375 0.0109375 0.01953125
8 0.74921875 0.44453125 0.01171875 0.01953125
8 0.81796875 0.42890625 0.0109375 0.01875
5 0.90546875 0.3859375 0.0421875 0.01796875
5 0.853125 0.4296875 0.05234375 0.01640625
5 0.784375 0.44609375 0.05234375 0.01640625
5 0.7234375 0.4015625 0.04140625 0.015625
5 0.759375 0.52109375 0.04140625 0.0171875
5 0.85 0.525 0.05234375 0.0171875
5 0.8234375 0.5578125 0.0421875 0.01796875
5 0.740625 0.56953125 0.053125 0.0171875