0 0.63203125 0.58828125 0.140625 0.1109375
0 0.4375 0.5671875 0.15625 0.04765625
4 0.53671875 0.28515625 0.0875 0.078125
4 0.365625 0.6828125 0.35546875 0.04140625
4 0.77421875 0.7203125 0.3546875 0.121875
2 0.525 0.2234375 0.11171875 0.03828125
2 0.66640625 0.4078125 0.11171875 0.2140625
2 0.58828125 0.3078125 0.0125 0.034375
2 0.60078125 0.5078125 0.01171875 0.025
7 0.49765625 0.47109375 0.07265625 0.01953125
7 0.4984375 0.4421875 0.07421875 0.01796875
7 0.49765625 0.41484375 0.0734375 0.0203125
7 0.49765625 0.3859375 0.07578125 0.01875
7 0.49765625 0.359375 0.07578125 0.02578125
7 0.653125 0.471875 0.07578125 0.021875
7 0.65390625 0.44453125 0.07578125 0.021875
7 0.6546875 0.415625 0.07578125 0.021875
7 0.65390625 0.3890625 0.0765625 0.0203125
7 0.6546875 0.359375 0.07734375 0.0203125
8 0.43125 0.50234375 0.0109375 0.02421875
8 0.54375 0.3640625 0.01015625 0.01875
8 0.540625 0.40703125 0.01015625 0.01875
8 0.540625 0.4578125 0.01015625 0.01796875
1 0.6015625 0.3203125 0.01171875 0.02109375
5 0.57890625 0.36640625 0.053125 0.01875
5 0.5765625 0.4078125 0.05234375 0.01953125
5 0.5765625 0.46015625 0.05234375 0.01796875
5 0.4671875 0.50390625 0.0546875 0.01953125