0 0.83984375 0.2609375 0.040625 0.04296875
0 0.10859375 0.28359375 0.1578125 0.05078125
0 0.10859375 0.2203125 0.15703125 0.0546875
0 0.8140625 0.53125 0.14296875 0.1109375
10 0.03828125 0.62265625 0.046875 0.0375
10 0.45703125 0.62421875 0.0546875 0.0453125
10 0.86328125 0.62265625 0.05703125 0.04375
4 0.8484375 0.42109375 0.1375 0.0375
4 0.53671875 0.28359375 0.08828125 0.08125
4 0.2015625 0.7109375 0.35390625 0.0578125
4 0.21640625 0.665625 0.3515625 0.03203125
2 0.94609375 0.3890625 0.01875 0.0359375
2 0.6640625 0.51171875 0.14453125 0.228125
2 0.51875 0.4625 0.10859375 0.21328125
2 0.525 0.22265625 0.1078125 0.03515625
7 0.5078125 0.44140625 0.075 0.01875
7 0.5078125 0.41484375 0.07421875 0.01875
7 0.5078125 0.4703125 0.07578125 0.01875
7 0.5078125 0.52578125 0.0734375 0.0203125
7 0.5078125 0.4984375 0.07578125 0.01875
7 0.6375 0.4578125 0.075 0.0203125
7 0.6375 0.48671875 0.075 0.01875
7 0.6375 0.56953125 0.075 0.025
7 0.6375 0.5421875 0.07421875 0.0203125
7 0.6375 0.515625 0.0734375 0.01875
1 0.6015625 0.31796875 0.0125 0.02421875
1 0.78828125 0.31015625 0.0140625 0.02578125
1 0.86640625 0.37265625 0.0140625 0.02578125
1 0.81796875 0.21796875 0.01484375 0.02421875
8 0.778125 0.38359375 0.0109375 0.01875
8 0.8765625 0.2171875 0.0109375 0.01875
8 0.8734375 0.26015625 0.01015625 0.01875
8 0.8734375 0.31171875 0.01015625 0.01875
5 0.84765625 0.21875 0.040625 0.015625
5 0.91171875 0.21953125 0.053125 0.01875
5 0.90859375 0.26171875 0.0515625 0.015625
5 0.90859375 0.31328125 0.05234375 0.01484375
5 0.896875 0.37265625 0.04140625 0.01875
5 0.81796875 0.31015625 0.04140625 0.0171875
5 0.81328125 0.3859375 0.05234375 0.015625
5 0.63125 0.31875 0.04140625 0.015625