0 0.8390625 0.26484375 0.03671875 0.0390625
0 0.25 0.22421875 0.15546875 0.06015625
0 0.109375 0.54453125 0.15859375 0.053125
0 0.8140625 0.5328125 0.1421875 0.1109375
10 0.03828125 0.6234375 0.04765625 0.0421875
10 0.45703125 0.6234375 0.05 0.0453125
10 0.86328125 0.6234375 0.053125 0.04453125
4 0.8484375 0.4234375 0.13671875 0.034375
4 0.53671875 0.2859375 0.08515625 0.078125
4 0.215625 0.66875 0.3515625 0.03359375
4 0.3015625 0.7328125 0.353125 0.0578125
2 0.94609375 0.39140625 0.01875 0.0359375
2 0.715625 0.3078125 0.109375 0.2109375
2 0.6640625 0.5125 0.14375 0.22734375
2 0.525 0.225 0.10859375 0.03515625
7 0.7046875 0.3703125 0.07421875 0.01875
7 0.7046875 0.34375 0.07265625 0.01875
7 0.70390625 0.315625 0.0734375 0.01875
7 0.7046875 0.28671875 0.075 0.0171875
7 0.7046875 0.2609375 0.0734375 0.01953125
7 0.63671875 0.54375 0.0734375 0.01875
7 0.6375 0.515625 0.07578125 0.01875
7 0.6375 0.4890625 0.0765625 0.01953125
7 0.6375 0.4609375 0.07421875 0.01796875
7 0.6375 0.571875 0.0734375 0.0171875
1 0.6015625 0.31953125 0.01171875 0.0203125
1 0.78828125 0.31171875 0.01171875 0.0203125
1 0.86640625 0.37421875 0.01171875 0.01953125
1 0.81796875 0.21953125 0.01171875 0.0203125
5 0.63125 0.3203125 0.04296875 0.01953125
8 0.778125 0.3859375 0.0109375 0.021875
8 0.8734375 0.31328125 0.0109375 0.02109375
8 0.8734375 0.2625 0.01171875 0.0203125
8 0.8765625 0.21875 0.01015625 0.0203125
5 0.84765625 0.22109375 0.04140625 0.01640625
5 0.91171875 0.22109375 0.053125 0.01640625
5 0.909375 0.26328125 0.05234375 0.01796875
5 0.90859375 0.31484375 0.05234375 0.01640625
5 0.89609375 0.375 0.0421875 0.01640625
5 0.81796875 0.31171875 0.0421875 0.01640625
5 0.8140625 0.3875 0.05390625 0.0171875