0 0.10546875 0.41484375 0.034375 0.0375
0 0.815625 0.259375 0.15546875 0.0546875
0 0.67578125 0.57890625 0.15546875 0.046875
0 0.86953125 0.59921875 0.140625 0.11015625
10 0.0484375 0.63671875 0.04453125 0.0375
10 0.09140625 0.6390625 0.04453125 0.0390625
10 0.13359375 0.63828125 0.04453125 0.03984375
4 0.7734375 0.72109375 0.35390625 0.1140625
4 0.365625 0.6828125 0.35390625 0.04140625
4 0.1 0.54375 0.13828125 0.03671875
4 0.1359375 0.290625 0.0890625 0.07890625
7 0.903125 0.41953125 0.10859375 0.2078125
7 0.89296875 0.371875 0.07734375 0.01953125
7 0.8921875 0.4 0.07578125 0.01875
7 0.8921875 0.4265625 0.07421875 0.01640625
7 0.8921875 0.45546875 0.07421875 0.01953125
7 0.8921875 0.484375 0.07578125 0.0203125
7 0.7625 0.41640625 0.14296875 0.23515625
7 0.73515625 0.36953125 0.07421875 0.01953125
7 0.7359375 0.3984375 0.07421875 0.015625
7 0.7359375 0.4265625 0.07421875 0.01875
7 0.7359375 0.4546875 0.075 0.01875
7 0.7359375 0.48203125 0.07421875 0.01875
7 0.12421875 0.2296875 0.10859375 0.03515625
7 0.1984375 0.5125 0.01796875 0.03515625
1 0.20078125 0.32578125 0.0125 0.02109375
1 0.084375 0.36953125 0.0125 0.02265625
1 0.11875 0.4953125 0.0140625 0.02265625
1 0.0546875 0.46171875 0.0140625 0.02421875
8 0.14296875 0.36953125 0.0109375 0.01875
8 0.13984375 0.4125 0.0109375 0.0203125
8 0.1390625 0.46328125 0.01171875 0.01953125
8 0.03046875 0.5078125 0.01015625 0.01796875
5 0.2296875 0.3265625 0.04140625 0.01796875
5 0.178125 0.37109375 0.05234375 0.01796875
5 0.11328125 0.37109375 0.040625 0.01796875
5 0.17578125 0.41328125 0.05390625 0.0171875
5 0.175 0.46484375 0.05234375 0.01640625
5 0.1484375 0.49765625 0.04140625 0.01640625
5 0.084375 0.46328125 0.040625 0.0171875
5 0.065625 0.509375 0.0515625 0.0171875