5 0.4984375 0.17578125 0.496875 0.12265625
5 0.453125 0.353125 0.0609375 0.09140625
5 0.46640625 0.54921875 0.090625 0.08828125
5 0.528125 0.80625 0.17265625 0.084375
8 0.2859375 0.33515625 0.05625 0.1078125
8 0.290625 0.534375 0.0484375 0.10703125
8 0.28828125 0.74921875 0.05078125 0.10625
0 0.95390625 0.0109375 0.01328125 0.021875
0 0.97265625 0.01015625 0.01171875 0.01953125
0 0.98984375 0.00859375 0.0109375 0.0171875
6 0.50078125 0.984375 0.9984375 0.03125
4 0.07421875 0.98515625 0.1109375 0.0296875
3 0.009375 0.9859375 0.00859375 0.015625
3 0.140625 0.98671875 0.009375 0.01796875
3 0.16015625 0.9859375 0.0109375 0.0203125
3 0.1796875 0.98671875 0.01015625 0.01796875
3 0.1984375 0.98671875 0.0109375 0.0203125
3 0.21796875 0.98671875 0.01015625 0.01796875
3 0.23671875 0.98515625 0.0109375 0.01953125
3 0.25625 0.9859375 0.01015625 0.01875
3 0.275 0.9859375 0.01171875 0.01796875
3 0.29453125 0.98671875 0.0109375 0.01875
3 0.3140625 0.9859375 0.0125 0.0203125
3 0.3328125 0.98671875 0.01171875 0.02109375
3 0.3515625 0.9859375 0.009375 0.01328125
3 0.9890625 0.98828125 0.0109375 0.0203125
3 0.91796875 0.9859375 0.0078125 0.01484375
3 0.9265625 0.9859375 0.00859375 0.01328125
3 0.93671875 0.98515625 0.0078125 0.01328125
3 0.94765625 0.98671875 0.00625 0.015625
3 0.8578125 0.9859375 0.0109375 0.01640625
2 0.8890625 0.98671875 0.046875 0.0140625