0 0.815625 0.259375 0.153125 0.0515625
0 0.8703125 0.5984375 0.13984375 0.10546875
0 0.48046875 0.3765625 0.1546875 0.04609375
0 0.10625 0.41484375 0.03203125 0.03125
10 0.04921875 0.6375 0.04453125 0.0328125
4 0.1203125 0.72421875 0.0890625 0.0859375
10 0.090625 0.63671875 0.04453125 0.03515625
10 0.13359375 0.63828125 0.04375 0.0375
4 0.7734375 0.72109375 0.35859375 0.11875
4 0.36484375 0.68359375 0.35703125 0.040625
4 0.24453125 0.74375 0.13828125 0.04140625
2 0.90390625 0.4203125 0.109375 0.21015625
7 0.8921875 0.48359375 0.07421875 0.01953125
7 0.8921875 0.45546875 0.075 0.01875
7 0.8921875 0.428125 0.075 0.01953125
7 0.89140625 0.40078125 0.07421875 0.01796875
7 0.8921875 0.37265625 0.075 0.0203125
2 0.7625 0.41640625 0.14296875 0.23515625
7 0.73515625 0.36953125 0.075 0.01796875
7 0.73671875 0.48125 0.07734375 0.01875
7 0.7359375 0.45390625 0.07578125 0.0171875
7 0.7359375 0.42578125 0.07421875 0.01796875
7 0.7359375 0.39921875 0.07421875 0.01796875
2 0.39296875 0.3796875 0.01796875 0.0375
2 0.3140625 0.35234375 0.10859375 0.0359375
1 0.20078125 0.32578125 0.01328125 0.02265625
1 0.084375 0.3703125 0.0125 0.021875
1 0.11796875 0.496875 0.0125 0.021875
1 0.0546875 0.46171875 0.0125 0.02265625
5 0.23046875 0.32578125 0.04140625 0.01640625
5 0.17890625 0.3703125 0.053125 0.01640625
5 0.175 0.41328125 0.05234375 0.015625
5 0.11328125 0.3703125 0.04140625 0.0171875
5 0.17578125 0.465625 0.05234375 0.01484375
5 0.1484375 0.496875 0.04140625 0.01640625
8 0.14296875 0.36875 0.0109375 0.01875
8 0.13984375 0.41171875 0.0109375 0.01953125
8 0.13984375 0.4640625 0.01015625 0.01875
8 0.03046875 0.50859375 0.01015625 0.0203125
5 0.065625 0.509375 0.053125 0.0171875
5 0.084375 0.46171875 0.0421875 0.01640625