0 0.83984375 0.2640625 0.0375 0.03828125
0 0.25078125 0.22421875 0.1546875 0.05625
0 0.3046875 0.56484375 0.1390625 0.109375
0 0.10859375 0.54375 0.15859375 0.0515625
10 0.03828125 0.62421875 0.046875 0.03515625
4 0.2171875 0.6671875 0.35390625 0.0375
10 0.08046875 0.62265625 0.04765625 0.03671875
10 0.12265625 0.62421875 0.0453125 0.0390625
4 0.8484375 0.4234375 0.1359375 0.03359375
4 0.30234375 0.73125 0.35390625 0.0578125
4 0.53671875 0.28515625 0.0859375 0.075
2 0.196875 0.3828125 0.14375 0.23984375
7 0.1703125 0.44921875 0.07421875 0.02265625
7 0.1703125 0.41953125 0.07578125 0.01953125
7 0.1703125 0.3921875 0.075 0.0203125
7 0.17109375 0.365625 0.075 0.01953125
7 0.16953125 0.33828125 0.075 0.0203125
2 0.40078125 0.40625 0.11171875 0.215625
7 0.38984375 0.46953125 0.075 0.02109375
7 0.38984375 0.44140625 0.07578125 0.01953125
7 0.38984375 0.4125 0.07421875 0.0203125
7 0.3890625 0.3859375 0.075 0.01875
7 0.38984375 0.3578125 0.075 0.01953125
2 0.525 0.2234375 0.10859375 0.0375
2 0.94609375 0.39140625 0.01796875 0.0359375
1 0.6015625 0.31953125 0.0140625 0.021875
1 0.78828125 0.3125 0.0140625 0.0234375
1 0.81796875 0.2203125 0.0125 0.02265625
1 0.86640625 0.37421875 0.0140625 0.02421875
5 0.63203125 0.3203125 0.04375 0.01953125
5 0.84765625 0.22109375 0.0421875 0.01796875
5 0.91171875 0.22109375 0.053125 0.0171875
5 0.909375 0.2640625 0.05234375 0.01796875
5 0.90859375 0.315625 0.053125 0.01875
5 0.81796875 0.3125 0.0421875 0.01796875
5 0.896875 0.3734375 0.0421875 0.01796875
5 0.8140625 0.3875 0.0546875 0.01796875
8 0.8765625 0.21953125 0.0109375 0.02109375
8 0.8734375 0.26171875 0.01015625 0.0203125
8 0.8734375 0.31328125 0.0109375 0.0203125
8 0.778125 0.38515625 0.01171875 0.021875