0 0.10859375 0.54375 0.1578125 0.05390625
0 0.25078125 0.22421875 0.1546875 0.0515625
0 0.8390625 0.26328125 0.0359375 0.03828125
0 0.81484375 0.5328125 0.13984375 0.109375
10 0.0390625 0.62421875 0.04609375 0.03359375
10 0.45703125 0.625 0.05 0.04140625
10 0.86484375 0.62265625 0.053125 0.04296875
4 0.8484375 0.4234375 0.13671875 0.03515625
4 0.53671875 0.28515625 0.08671875 0.0765625
4 0.21640625 0.66875 0.353125 0.03515625
4 0.3015625 0.73125 0.353125 0.05546875
2 0.19765625 0.3828125 0.14375 0.2375
7 0.1703125 0.3375 0.07421875 0.02109375
7 0.1703125 0.365625 0.07421875 0.01796875
7 0.1703125 0.39375 0.075 0.0203125
7 0.1703125 0.42109375 0.07578125 0.01953125
7 0.1703125 0.44765625 0.075 0.01953125
2 0.715625 0.30859375 0.1078125 0.20859375
7 0.70390625 0.259375 0.07421875 0.01796875
7 0.7046875 0.28671875 0.0734375 0.0171875
7 0.7046875 0.3140625 0.07578125 0.01640625
7 0.70390625 0.34296875 0.075 0.0171875
7 0.70390625 0.3703125 0.075 0.01875
2 0.94609375 0.39140625 0.01796875 0.034375
2 0.525 0.225 0.1078125 0.03515625
1 0.6015625 0.3203125 0.0125 0.02265625
1 0.81796875 0.21953125 0.01328125 0.021875
1 0.78828125 0.3109375 0.01328125 0.021875
1 0.86640625 0.37421875 0.01328125 0.021875
5 0.63125 0.321875 0.04296875 0.0203125
5 0.84765625 0.2203125 0.0421875 0.0203125
5 0.91171875 0.22109375 0.05390625 0.01640625
5 0.90859375 0.26484375 0.053125 0.01640625
5 0.90859375 0.31484375 0.05234375 0.01796875
5 0.89609375 0.375 0.04296875 0.01953125
5 0.81875 0.3125 0.04296875 0.01875
5 0.81328125 0.3875 0.05234375 0.01796875
8 0.8765625 0.21875 0.01171875 0.02109375
8 0.8734375 0.26171875 0.01171875 0.0203125
8 0.8734375 0.31328125 0.0109375 0.01875
8 0.778125 0.3859375 0.0125 0.02109375