0 0.88125 0.28359375 0.14375 0.1671875
0 0.3953125 0.22734375 0.15625 0.0578125
0 0.2390625 0.35703125 0.03671875 0.03984375
0 0.109375 0.3140625 0.1578125 0.0515625
10 0.04921875 0.6 0.04375 0.0359375
10 0.09140625 0.60078125 0.04453125 0.03671875
10 0.1328125 0.60078125 0.0453125 0.0375
4 0.78125 0.5546875 0.35546875 0.1203125
4 0.4125 0.6484375 0.35546875 0.04453125
4 0.240625 0.24921875 0.09140625 0.084375
4 0.10078125 0.2328125 0.1359375 0.0390625
2 0.24375 0.49921875 0.14296875 0.23515625
7 0.215625 0.453125 0.0734375 0.01796875
7 0.21640625 0.48359375 0.07421875 0.01796875
7 0.21640625 0.50859375 0.07421875 0.01796875
7 0.21640625 0.53828125 0.07421875 0.01875
7 0.2171875 0.56640625 0.07578125 0.02109375
2 0.459375 0.4953125 0.109375 0.21171875
7 0.4484375 0.44765625 0.07421875 0.01875
7 0.4484375 0.47578125 0.07421875 0.0203125
7 0.4484375 0.503125 0.07421875 0.0203125
7 0.44921875 0.5328125 0.0765625 0.0203125
7 0.44921875 0.56015625 0.075 0.02265625
2 0.40625 0.328125 0.10859375 0.03515625
2 0.9171875 0.43984375 0.01796875 0.034375
1 0.87578125 0.38515625 0.0125 0.021875
1 0.36640625 0.27734375 0.01328125 0.02265625
1 0.21796875 0.3140625 0.0125 0.021875
1 0.08125 0.36328125 0.01328125 0.02265625
8 0.81796875 0.42890625 0.01171875 0.0203125
5 0.90546875 0.3859375 0.04296875 0.01640625
5 0.85390625 0.43125 0.053125 0.015625
5 0.39609375 0.278125 0.04140625 0.01953125
5 0.4203125 0.3734375 0.053125 0.0171875
5 0.31015625 0.35859375 0.05234375 0.01484375
8 0.384375 0.371875 0.0109375 0.0203125
8 0.27421875 0.35703125 0.0109375 0.0203125
5 0.24765625 0.315625 0.0421875 0.01640625
8 0.07109375 0.2703125 0.0109375 0.01875
5 0.10625 0.27265625 0.0515625 0.01484375
5 0.1109375 0.36328125 0.0421875 0.01640625