0 0.109375 0.309375 0.16015625 0.05703125
0 0.12890625 0.23046875 0.15546875 0.0609375
0 0.715625 0.446875 0.0359375 0.0390625
0 0.88046875 0.25859375 0.140625 0.109375
10 0.0484375 0.63515625 0.04609375 0.034375
10 0.0921875 0.63671875 0.04609375 0.034375
10 0.1328125 0.6359375 0.04609375 0.034375
4 0.11328125 0.66953125 0.134375 0.03125
4 0.4125 0.64765625 0.3515625 0.03359375
4 0.5515625 0.72109375 0.08515625 0.0734375
4 0.77421875 0.72109375 0.35234375 0.109375
2 0.3015625 0.50859375 0.14296875 0.234375
7 0.275 0.4640625 0.07421875 0.0203125
7 0.275 0.490625 0.07421875 0.0171875
7 0.275 0.51875 0.07421875 0.01875
7 0.27578125 0.546875 0.07578125 0.01953125
7 0.27421875 0.5765625 0.0734375 0.02265625
2 0.4421875 0.5109375 0.109375 0.209375
7 0.43046875 0.4625 0.0734375 0.01953125
7 0.43125 0.49140625 0.0734375 0.01875
7 0.43125 0.51875 0.07421875 0.01875
7 0.43046875 0.54765625 0.0734375 0.01875
7 0.43125 0.57421875 0.07421875 0.01796875
2 0.3140625 0.35234375 0.10859375 0.034375
2 0.9171875 0.4390625 0.01796875 0.0375
1 0.69375 0.40234375 0.01171875 0.02109375
1 0.7296875 0.52109375 0.0125 0.021875
1 0.87578125 0.38515625 0.0125 0.02109375
1 0.79375 0.55703125 0.0125 0.0234375
8 0.70546875 0.56796875 0.0109375 0.01875
8 0.74921875 0.44453125 0.0109375 0.01875
8 0.81796875 0.42890625 0.0109375 0.01875
8 0.81484375 0.5234375 0.0109375 0.01953125
5 0.90546875 0.3859375 0.0421875 0.01875
5 0.853125 0.43046875 0.053125 0.0171875
5 0.784375 0.4453125 0.05234375 0.0171875
5 0.7234375 0.40234375 0.0421875 0.0171875
5 0.76015625 0.521875 0.0421875 0.01796875
5 0.85 0.525 0.05234375 0.01640625
5 0.82421875 0.55625 0.04296875 0.0171875
5 0.740625 0.56953125 0.053125 0.01796875