5 0.05 0.0515625 0.02421875 0.01484375
5 0.05625 0.0265625 0.10859375 0.021875
5 0.14140625 0.0515625 0.0453125 0.01796875
5 0.23046875 0.05078125 0.05390625 0.01953125
5 0.31328125 0.04921875 0.03984375 0.01796875
5 0.0640625 0.284375 0.059375 0.04921875
11 0.20625 0.30625 0.0328125 0.03984375
5 0.20625 0.2703125 0.02421875 0.03046875
11 0.240625 0.30546875 0.0328125 0.034375
5 0.24140625 0.27109375 0.03359375 0.028125
11 0.2796875 0.30546875 0.04296875 0.0359375
5 0.2765625 0.2734375 0.02421875 0.025
5 0.153125 0.3046875 0.0671875 0.03203125
5 0.1921875 0.34453125 0.04453125 0.021875
2 0.2453125 0.38203125 0.11484375 0.03984375
5 0.24140625 0.34296875 0.0234375 0.0171875
5 0.28828125 0.34375 0.03828125 0.025
5 0.14921875 0.38203125 0.0671875 0.02890625
5 0.07109375 0.428125 0.05703125 0.03046875
5 0.17578125 0.4328125 0.0609375 0.04296875
5 0.27578125 0.434375 0.03984375 0.03203125
5 0.1140625 0.50078125 0.15859375 0.03359375
5 0.1203125 0.4671875 0.0421875 0.02578125
2 0.25 0.50390625 0.109375 0.04765625
5 0.23125 0.46640625 0.065625 0.01953125
5 0.44296875 0.440625 0.11328125 0.02890625
5 0.41875 0.40703125 0.1203125 0.028125
5 0.40078125 0.365625 0.0828125 0.02890625
5 0.4015625 0.3328125 0.08828125 0.0265625
5 0.40703125 0.290625 0.08125 0.0296875
5 0.56875 0.4421875 0.04296875 0.0328125
5 0.43359375 0.50703125 0.21171875 0.028125
5 0.41171875 0.6921875 0.16953125 0.02578125
5 0.41328125 0.65546875 0.17109375 0.03359375
5 0.41875 0.61875 0.18671875 0.02890625
5 0.440625 0.58125 0.2234375 0.028125
5 0.39765625 0.54375 0.13984375 0.02578125
5 0.1578125 0.8265625 0.23046875 0.02578125
5 0.125 0.859375 0.07890625 0.028125
8 0.221875 0.3390625 0.0109375 0.02265625
8 0.26015625 0.3390625 0.0109375 0.0234375
11 0.121875 0.42734375 0.0375 0.04140625
11 0.23125 0.42734375 0.04140625 0.0421875
11 0.48046875 0.32578125 0.0640625 0.0390625
11 0.48046875 0.3671875 0.06484375 0.03984375
11 0.52265625 0.434375 0.03828125 0.040625
2 0.51796875 0.27890625 0.1359375 0.046875
2 0.55390625 0.34140625 0.06328125 0.03984375
1 0.575 0.5078125 0.0140625 0.02578125
1 0.575 0.54140625 0.01328125 0.02578125
1 0.575 0.578125 0.0140625 0.0234375
1 0.575 0.61328125 0.01484375 0.0234375
1 0.575 0.65234375 0.0140625 0.02890625
1 0.57578125 0.6890625 0.015625 0.02421875
1 0.28515625 0.83359375 0.0125 0.0234375
1 0.28515625 0.8625 0.0125 0.02109375
0 0.221875 0.86171875 0.109375 0.0390625
0 0.34296875 0.84609375 0.05 0.04453125
0 0.39453125 0.84609375 0.0515625 0.04453125
0 0.56328125 0.84609375 0.05234375 0.04375
0 0.95390625 0.009375 0.01796875 0.01875
0 0.97265625 0.009375 0.01953125 0.01875
0 0.990625 0.009375 0.01875 0.01875
6 0.5 0.98515625 1 0.0296875
4 0.075 0.98359375 0.1125 0.0328125
3 0.009375 0.9859375 0.0078125 0.0140625
3 0.140625 0.9859375 0.0078125 0.0140625
3 0.16015625 0.9859375 0.0109375 0.01875
3 0.1796875 0.9859375 0.009375 0.0140625
3 0.1984375 0.98671875 0.01015625 0.01875
3 0.21796875 0.9859375 0.01015625 0.01640625
3 0.23671875 0.98515625 0.009375 0.01484375
3 0.25625 0.98515625 0.009375 0.0171875
3 0.27578125 0.9859375 0.01015625 0.01796875
3 0.2953125 0.9859375 0.0109375 0.01796875
3 0.3140625 0.9859375 0.01015625 0.01796875
3 0.3328125 0.98671875 0.0109375 0.01953125
10 0.35234375 0.9859375 0.01796875 0.02578125
3 0.8578125 0.98515625 0.01015625 0.0171875
2 0.88828125 0.98671875 0.046875 0.0125
3 0.91796875 0.9859375 0.0078125 0.01328125
3 0.92734375 0.98671875 0.00703125 0.0125
3 0.9359375 0.9859375 0.0078125 0.0125
3 0.946875 0.9859375 0.00703125 0.01328125
3 0.98828125 0.98828125 0.0109375 0.01953125