4 0.5515625 0.215625 0.31953125 0.10390625
4 0.5515625 0.13515625 0.0671875 0.05234375
1 0.89453125 0.78515625 0.00703125 0.01484375
6 0.49765625 0.984375 0.9953125 0.03125
4 0.075 0.9859375 0.11171875 0.028125
3 0.01015625 0.9859375 0.0078125 0.0171875
3 0.140625 0.9859375 0.0078125 0.0125
3 0.16015625 0.9859375 0.0109375 0.01875
3 0.1796875 0.9859375 0.01015625 0.015625
3 0.1984375 0.9859375 0.0109375 0.0171875
3 0.21796875 0.9859375 0.01015625 0.01796875
3 0.23671875 0.98515625 0.009375 0.01796875
3 0.25625 0.98671875 0.0109375 0.01953125
3 0.27578125 0.98515625 0.01015625 0.01796875
3 0.2953125 0.9859375 0.01015625 0.01640625
3 0.31328125 0.98671875 0.0109375 0.01953125
3 0.3328125 0.98671875 0.0109375 0.0203125
3 0.8578125 0.984375 0.01015625 0.0171875
3 0.9171875 0.9859375 0.0078125 0.0140625
3 0.92734375 0.98671875 0.00625 0.0125
3 0.93671875 0.9859375 0.00859375 0.01171875
3 0.94765625 0.9859375 0.0078125 0.01328125
3 0.98828125 0.98828125 0.01015625 0.01953125
2 0.88828125 0.98515625 0.04609375 0.01484375