0 0.109375 0.22265625 0.15390625 0.053125
0 0.109375 0.284375 0.1546875 0.05
0 0.109375 0.3265625 0.034375 0.03359375
0 0.1234375 0.4171875 0.13984375 0.109375
10 0.0390625 0.621875 0.04765625 0.0375
10 0.45703125 0.62109375 0.0484375 0.04140625
10 0.8640625 0.61953125 0.05 0.03984375
4 0.20078125 0.71015625 0.353125 0.053125
4 0.215625 0.6640625 0.35390625 0.034375
4 0.4734375 0.7109375 0.0859375 0.07734375
4 0.6390625 0.71953125 0.1359375 0.03359375
2 0.94609375 0.3890625 0.01953125 0.03671875
2 0.525 0.221875 0.10859375 0.0359375
2 0.26875 0.29296875 0.10859375 0.21171875
2 0.28515625 0.51484375 0.14375 0.22578125
7 0.2578125 0.2453125 0.07421875 0.02109375
7 0.2578125 0.2734375 0.075 0.0203125
7 0.2578125 0.30078125 0.07578125 0.01875
7 0.2578125 0.32890625 0.075 0.021875
7 0.25703125 0.35546875 0.07421875 0.0203125
7 0.25859375 0.46171875 0.0765625 0.01953125
7 0.259375 0.48984375 0.07578125 0.01796875
7 0.2578125 0.51796875 0.075 0.021875
7 0.25859375 0.54453125 0.0765625 0.02109375
7 0.2578125 0.57265625 0.07578125 0.021875
1 0.4078125 0.509375 0.0125 0.021875
1 0.59453125 0.50078125 0.0125 0.021875
1 0.6234375 0.41015625 0.0125 0.0234375
1 0.671875 0.5640625 0.01328125 0.02265625
5 0.43828125 0.51015625 0.0421875 0.01875
5 0.62421875 0.5015625 0.0421875 0.01953125
5 0.653125 0.4109375 0.04140625 0.01796875
5 0.7015625 0.5640625 0.0421875 0.01640625
5 0.81328125 0.384375 0.053125 0.01953125
5 0.9125 0.21796875 0.053125 0.01796875
5 0.909375 0.26171875 0.05390625 0.01796875
5 0.90859375 0.3125 0.05390625 0.01796875
8 0.8765625 0.21640625 0.0125 0.021875
8 0.8734375 0.259375 0.01171875 0.021875
8 0.8734375 0.3109375 0.0125 0.021875
8 0.778125 0.38359375 0.01015625 0.021875