0 0.88046875 0.28125 0.1453125 0.16328125
0 0.6859375 0.2640625 0.1578125 0.0578125
0 0.50546875 0.2578125 0.15859375 0.0546875
0 0.71484375 0.44375 0.0375 0.0390625
10 0.03359375 0.61328125 0.04609375 0.0359375
10 0.07578125 0.6140625 0.04375 0.0359375
10 0.11796875 0.615625 0.04375 0.03828125
4 0.10078125 0.2328125 0.13828125 0.034375
4 0.41171875 0.6484375 0.353125 0.0375
4 0.71484375 0.33828125 0.0859375 0.078125
4 0.78125 0.5546875 0.353125 0.1125
2 0.24375 0.48984375 0.14296875 0.234375
7 0.21640625 0.44453125 0.07421875 0.0203125
7 0.21640625 0.47265625 0.0734375 0.01953125
7 0.21640625 0.49921875 0.0734375 0.01640625
7 0.21640625 0.52734375 0.07421875 0.01796875
7 0.21640625 0.55625 0.075 0.02109375
2 0.44375 0.51796875 0.10859375 0.2078125
7 0.4328125 0.47109375 0.0734375 0.01875
7 0.4328125 0.4984375 0.07421875 0.01796875
7 0.4328125 0.5265625 0.07734375 0.0203125
7 0.4328125 0.5546875 0.075 0.01953125
7 0.43203125 0.58203125 0.07421875 0.01875
2 0.390625 0.3515625 0.11015625 0.03671875
2 0.9171875 0.4390625 0.01875 0.03515625
1 0.08125 0.3625 0.01328125 0.0234375
1 0.35078125 0.3015625 0.0140625 0.025
1 0.69453125 0.40234375 0.01328125 0.021875
1 0.8765625 0.3859375 0.0125 0.0234375
8 0.07109375 0.2703125 0.01171875 0.01953125
8 0.36875 0.3953125 0.01171875 0.02109375
8 0.81796875 0.4296875 0.01015625 0.0203125
8 0.74921875 0.44453125 0.01015625 0.01875
5 0.10703125 0.271875 0.05390625 0.01640625
5 0.11171875 0.36328125 0.0421875 0.0171875
5 0.38046875 0.30078125 0.04140625 0.0171875
5 0.40390625 0.396875 0.053125 0.0171875
5 0.7234375 0.40234375 0.0421875 0.01796875
5 0.784375 0.4453125 0.05234375 0.01875
5 0.853125 0.4296875 0.05234375 0.0171875
5 0.90625 0.3859375 0.04296875 0.01796875