0 0.50625 0.4078125 0.03515625 0.03203125
0 0.7 0.228125 0.1546875 0.053125
0 0.75390625 0.56796875 0.140625 0.10703125
10 0.0375 0.62265625 0.046875 0.0359375
10 0.0796875 0.62265625 0.04765625 0.040625
10 0.12265625 0.621875 0.0453125 0.03984375
4 0.5375 0.28671875 0.08671875 0.078125
4 0.5015625 0.5390625 0.13828125 0.03515625
4 0.7734375 0.7203125 0.35546875 0.11640625
4 0.36484375 0.68203125 0.3546875 0.03984375
2 0.52578125 0.2234375 0.1109375 0.0375
2 0.64609375 0.3859375 0.14296875 0.24375
2 0.78671875 0.3875 0.1109375 0.2171875
2 0.59921875 0.509375 0.0203125 0.03125
7 0.7765625 0.36796875 0.07578125 0.01875
7 0.77578125 0.34140625 0.07421875 0.0203125
7 0.7765625 0.396875 0.07578125 0.01875
7 0.7765625 0.453125 0.07578125 0.01953125
7 0.77734375 0.425 0.0734375 0.0171875
7 0.6203125 0.36875 0.0734375 0.0203125
7 0.61953125 0.34140625 0.07421875 0.0203125
7 0.6203125 0.39765625 0.0734375 0.0171875
7 0.62109375 0.4515625 0.07578125 0.0171875
7 0.6203125 0.425 0.0734375 0.0171875
8 0.54375 0.36328125 0.0109375 0.01875
8 0.540625 0.40625 0.0109375 0.01953125
8 0.540625 0.4578125 0.0109375 0.0203125
8 0.43125 0.5015625 0.0125 0.0203125
1 0.48515625 0.36484375 0.0140625 0.0234375
1 0.45546875 0.45625 0.01328125 0.02578125
1 0.51875 0.490625 0.0140625 0.0234375
5 0.51484375 0.3640625 0.0421875 0.021875
5 0.48515625 0.45546875 0.0421875 0.0203125
5 0.4671875 0.50390625 0.053125 0.01796875
5 0.54921875 0.490625 0.0421875 0.01796875