5 0.059375 0.0265625 0.109375 0.01796875
5 0.04609375 0.04921875 0.03515625 0.0203125
5 0.140625 0.05 0.05 0.021875
5 0.23125 0.04921875 0.059375 0.02109375
5 0.31171875 0.046875 0.04375 0.0265625
5 0.73984375 0.24140625 0.12109375 0.03984375
5 0.7828125 0.30859375 0.21171875 0.0453125
5 0.78046875 0.42890625 0.2 0.04453125
5 0.79375 0.49921875 0.0421875 0.0328125
5 0.7515625 0.565625 0.1453125 0.04375
5 0.7953125 0.6296875 0.04296875 0.040625
5 0.753125 0.68515625 0.140625 0.04140625
5 0.796875 0.74921875 0.03515625 0.04375
5 0.81640625 0.809375 0.20703125 0.03828125
5 0.86953125 0.87109375 0.0875 0.0453125
11 0.8796875 0.49453125 0.090625 0.07265625
11 0.88125 0.62265625 0.090625 0.07109375
11 0.878125 0.74140625 0.0859375 0.06171875
2 0.80078125 0.36953125 0.25 0.0703125
0 0.721875 0.49296875 0.08671875 0.07109375
0 0.721875 0.6265625 0.08828125 0.0703125
0 0.71953125 0.74765625 0.08828125 0.0734375
6 0.5 0.9859375 1 0.028125
0 0.87890625 0.9359375 0.08515625 0.0703125
0 0.95390625 0.01171875 0.01953125 0.02265625
0 0.97109375 0.0109375 0.0171875 0.021875
0 0.98984375 0.0109375 0.0203125 0.021875
4 0.07578125 0.9859375 0.1125 0.028125
3 0.009375 0.98515625 0.00859375 0.015625
3 0.140625 0.98515625 0.0078125 0.015625
3 0.16015625 0.9859375 0.0109375 0.01953125
3 0.1796875 0.9859375 0.009375 0.015625
3 0.1984375 0.9859375 0.01015625 0.01953125
3 0.21796875 0.9859375 0.0109375 0.01796875
3 0.23671875 0.9859375 0.0109375 0.01796875
3 0.25625 0.9859375 0.01015625 0.01875
3 0.275 0.98671875 0.01171875 0.01875
3 0.29453125 0.98671875 0.0109375 0.01796875
3 0.3140625 0.9859375 0.01171875 0.01953125
3 0.3328125 0.9875 0.01171875 0.01953125
3 0.3515625 0.9859375 0.009375 0.01328125
3 0.9171875 0.98671875 0.0078125 0.0125
3 0.92734375 0.98671875 0.00703125 0.0125
3 0.9359375 0.9859375 0.00703125 0.01328125
3 0.946875 0.9859375 0.0078125 0.01484375
3 0.8578125 0.98515625 0.01015625 0.015625
2 0.88828125 0.9859375 0.04609375 0.01484375
3 0.98828125 0.98828125 0.01171875 0.01875