4 0.2171875 0.66796875 0.35546875 0.03203125
4 0.5015625 0.53984375 0.13984375 0.03671875
4 0.5375 0.2859375 0.08984375 0.07734375
4 0.7734375 0.7484375 0.35625 0.0609375
2 0.525 0.225 0.1109375 0.03984375
2 0.3375 0.38515625 0.11015625 0.2140625
2 0.19765625 0.38125 0.14453125 0.2453125
2 0.59921875 0.5078125 0.01953125 0.03828125
7 0.17109375 0.4484375 0.07578125 0.021875
7 0.1703125 0.4203125 0.078125 0.021875
7 0.17109375 0.39375 0.075 0.0203125
7 0.1703125 0.36640625 0.07734375 0.02265625
7 0.1703125 0.33828125 0.07578125 0.021875
7 0.3265625 0.44921875 0.075 0.02109375
7 0.32734375 0.421875 0.0765625 0.02265625
7 0.325 0.390625 0.07578125 0.01953125
7 0.3265625 0.36484375 0.07578125 0.021875
7 0.32578125 0.3375 0.07578125 0.0265625
0 0.25 0.22421875 0.15390625 0.05390625
0 0.109375 0.54296875 0.15703125 0.05078125
0 0.3046875 0.56484375 0.1421875 0.10703125
0 0.50703125 0.41015625 0.0359375 0.034375
1 0.6015625 0.31953125 0.01328125 0.021875
1 0.48515625 0.3640625 0.0125 0.02109375
1 0.45546875 0.45625 0.0140625 0.02265625
1 0.51953125 0.490625 0.01328125 0.02265625
8 0.54375 0.36484375 0.0109375 0.02109375
8 0.540625 0.40625 0.0109375 0.0203125
8 0.540625 0.45703125 0.0125 0.021875
8 0.43125 0.50234375 0.0125 0.021875
5 0.63203125 0.3203125 0.0421875 0.021875
5 0.5796875 0.365625 0.053125 0.01640625
5 0.51484375 0.36484375 0.04140625 0.0171875
5 0.5765625 0.4078125 0.05390625 0.01875
5 0.5765625 0.459375 0.05390625 0.01953125
5 0.48515625 0.45703125 0.04296875 0.01875
5 0.54921875 0.4921875 0.04375 0.01875
5 0.46640625 0.5046875 0.053125 0.01796875
10 0.03828125 0.6234375 0.0453125 0.03671875
10 0.08125 0.62421875 0.04609375 0.0359375
10 0.121875 0.6234375 0.0453125 0.03671875