5 0.74140625 0.24140625 0.1171875 0.0453125
5 0.7859375 0.30625 0.20390625 0.04921875
5 0.78125 0.43046875 0.1921875 0.03515625
5 0.75625 0.56328125 0.13984375 0.05078125
5 0.753125 0.6890625 0.1375 0.0421875
5 0.81640625 0.809375 0.20703125 0.04609375
5 0.875 0.87265625 0.084375 0.046875
5 0.803125 0.4984375 0.03828125 0.04453125
5 0.7984375 0.62734375 0.03046875 0.034375
5 0.79921875 0.7484375 0.03203125 0.034375
5 0.05703125 0.02890625 0.10625 0.01484375
5 0.04765625 0.05078125 0.03203125 0.015625
5 0.1390625 0.05078125 0.04765625 0.021875
5 0.228125 0.046875 0.05390625 0.0265625
5 0.3125 0.04375 0.03203125 0.03046875
11 0.8796875 0.49140625 0.08671875 0.0734375
11 0.87890625 0.61875 0.08828125 0.07109375
11 0.88125 0.7421875 0.0875 0.06875
2 0.7984375 0.36875 0.246875 0.06953125
0 0.72109375 0.49375 0.08828125 0.0671875
0 0.7234375 0.62734375 0.0890625 0.06328125
0 0.7203125 0.74921875 0.08984375 0.0671875
0 0.953125 0.0078125 0.01484375 0.015625
0 0.96953125 0.00859375 0.0203125 0.0171875
0 0.98984375 0.00859375 0.0203125 0.0171875
6 0.5 0.984375 0.99921875 0.03125
0 0.878125 0.9359375 0.08671875 0.06484375
4 0.075 0.98515625 0.1125 0.0296875
3 0.009375 0.98515625 0.00859375 0.01796875
3 0.140625 0.9859375 0.00859375 0.01640625
3 0.16015625 0.9859375 0.0125 0.01953125
3 0.1796875 0.9859375 0.0109375 0.01875
3 0.1984375 0.9875 0.01171875 0.01953125
3 0.2171875 0.9859375 0.0125 0.021875
3 0.2375 0.98671875 0.0109375 0.0171875
3 0.25546875 0.98515625 0.0125 0.01953125
3 0.275 0.98515625 0.01171875 0.01953125
3 0.29453125 0.9859375 0.01171875 0.01953125
3 0.31328125 0.98671875 0.01328125 0.021875
3 0.33359375 0.98671875 0.0125 0.0203125
10 0.35234375 0.98515625 0.0203125 0.02734375
3 0.8578125 0.98515625 0.0109375 0.02109375
3 0.9171875 0.98515625 0.00859375 0.0171875
3 0.92734375 0.9859375 0.0078125 0.01328125
3 0.9359375 0.98515625 0.0078125 0.015625
3 0.94765625 0.98671875 0.00859375 0.0171875
3 0.9890625 0.98671875 0.01171875 0.02265625
2 0.8875 0.98515625 0.04765625 0.0171875