0 0.11015625 0.315625 0.1546875 0.04375
2 0.24453125 0.49921875 0.14453125 0.2390625
0 0.2390625 0.3578125 0.03515625 0.03359375
0 0.6859375 0.26328125 0.153125 0.05
0 0.8796875 0.28203125 0.140625 0.15703125
1 0.87578125 0.38515625 0.015625 0.02578125
2 0.40546875 0.3265625 0.11015625 0.03828125
1 0.3671875 0.275 0.01640625 0.025
1 0.21875 0.315625 0.0140625 0.02734375
1 0.08125 0.36328125 0.01640625 0.0265625
8 0.07109375 0.27265625 0.01015625 0.02734375
8 0.27421875 0.3578125 0.0125 0.0234375
8 0.384375 0.37265625 0.01328125 0.02421875
4 0.10078125 0.2328125 0.1390625 0.03828125
4 0.23984375 0.2484375 0.0890625 0.08125
4 0.4125 0.64921875 0.353125 0.03828125
2 0.459375 0.49453125 0.109375 0.209375
2 0.91640625 0.4390625 0.0203125 0.0390625
8 0.8171875 0.42890625 0.0125 0.02421875
4 0.78046875 0.55390625 0.35625 0.11484375
5 0.90546875 0.38671875 0.0421875 0.021875
5 0.853125 0.4296875 0.05234375 0.02109375
5 0.396875 0.278125 0.0421875 0.01875
5 0.41953125 0.37265625 0.05234375 0.015625
5 0.309375 0.35859375 0.05234375 0.0140625
5 0.24765625 0.315625 0.04140625 0.015625
5 0.10625 0.27265625 0.05234375 0.01640625
5 0.1109375 0.36484375 0.04375 0.01796875
7 0.21640625 0.5640625 0.07578125 0.0203125
7 0.21640625 0.53671875 0.07734375 0.01640625
7 0.21640625 0.50859375 0.07578125 0.01796875
7 0.2171875 0.48125 0.075 0.01953125
7 0.21640625 0.45390625 0.0734375 0.01953125
7 0.44765625 0.55859375 0.075 0.021875
7 0.4484375 0.5296875 0.075 0.01875
7 0.44921875 0.50234375 0.07578125 0.0203125
7 0.4484375 0.475 0.07421875 0.015625
7 0.4484375 0.44453125 0.0765625 0.02265625
10 0.04921875 0.60078125 0.0453125 0.0359375
10 0.09140625 0.60078125 0.04453125 0.034375
10 0.13359375 0.60078125 0.0453125 0.034375