5 0.059375 0.02890625 0.1125 0.0171875
5 0.0484375 0.05078125 0.0328125 0.01875
5 0.1421875 0.053125 0.0484375 0.02109375
5 0.228125 0.05078125 0.0578125 0.02109375
5 0.315625 0.046875 0.0421875 0.02109375
5 0.74296875 0.2453125 0.1125 0.046875
5 0.78515625 0.3046875 0.2 0.046875
5 0.78046875 0.4296875 0.1921875 0.04375
5 0.75625 0.565625 0.1421875 0.046875
5 0.753125 0.68984375 0.13671875 0.04765625
5 0.81484375 0.8078125 0.203125 0.040625
5 0.875 0.87265625 0.0859375 0.040625
5 0.8 0.50234375 0.0390625 0.0390625
5 0.7984375 0.62734375 0.0328125 0.03984375
5 0.8 0.75078125 0.03515625 0.034375
2 0.7984375 0.3671875 0.246875 0.07109375
11 0.88125 0.49375 0.08515625 0.07265625
11 0.88046875 0.62578125 0.0875 0.078125
11 0.87890625 0.7453125 0.0921875 0.065625
6 0.5 0.98359375 1 0.0328125
0 0.88203125 0.93515625 0.08515625 0.06875
0 0.72265625 0.49375 0.0875 0.0703125
0 0.72109375 0.62734375 0.0890625 0.07265625
0 0.72265625 0.75 0.0875 0.06171875
0 0.9546875 0.00703125 0.009375 0.01328125
0 0.971875 0.0078125 0.009375 0.0140625
0 0.99140625 0.00625 0.01328125 0.0125
4 0.075 0.98671875 0.11171875 0.0265625
3 0.009375 0.9859375 0.00859375 0.01640625
3 0.16015625 0.98671875 0.0109375 0.021875
3 0.1796875 0.9859375 0.009375 0.0171875
3 0.1984375 0.9859375 0.0109375 0.0203125
3 0.21796875 0.9859375 0.01171875 0.02109375
3 0.23671875 0.98515625 0.01015625 0.01953125
3 0.25625 0.9859375 0.0109375 0.0203125
3 0.27578125 0.98671875 0.0109375 0.01953125
3 0.29609375 0.98671875 0.0109375 0.01953125
3 0.31484375 0.98671875 0.0109375 0.0203125
3 0.3328125 0.9859375 0.0109375 0.021875
3 0.35234375 0.9859375 0.01875 0.02734375
2 0.85703125 0.98359375 0.0109375 0.01953125
2 0.88828125 0.98515625 0.046875 0.01640625
3 0.91796875 0.9859375 0.00859375 0.01484375
3 0.92734375 0.9859375 0.0078125 0.01171875
3 0.93671875 0.9859375 0.00703125 0.01171875
3 0.94765625 0.9859375 0.00859375 0.01484375
3 0.98828125 0.98828125 0.0109375 0.02109375