0 0.10546875 0.4140625 0.03515625 0.0390625
0 0.46328125 0.28125 0.1390625 0.1078125
0 0.81640625 0.26015625 0.15546875 0.06015625
0 0.48046875 0.37578125 0.1578125 0.05078125
10 0.04921875 0.6375 0.04453125 0.0328125
4 0.1203125 0.7234375 0.0890625 0.08046875
10 0.09140625 0.63828125 0.04453125 0.034375
10 0.13359375 0.63828125 0.0453125 0.03671875
4 0.7734375 0.7203125 0.35625 0.1171875
4 0.365625 0.68359375 0.3546875 0.0421875
4 0.2453125 0.7453125 0.13671875 0.0375
2 0.39296875 0.37890625 0.01640625 0.03359375
2 0.4421875 0.51328125 0.1078125 0.20859375
2 0.3140625 0.35234375 0.10859375 0.0359375
2 0.3015625 0.509375 0.1421875 0.23515625
7 0.43046875 0.5765625 0.075 0.0203125
7 0.43046875 0.55 0.075 0.0203125
7 0.43125 0.5203125 0.075 0.01875
7 0.43125 0.49296875 0.07578125 0.0203125
7 0.43046875 0.465625 0.075 0.02421875
7 0.275 0.4625 0.075 0.021875
7 0.275 0.57421875 0.07421875 0.01875
7 0.275 0.546875 0.07578125 0.01953125
7 0.275 0.5203125 0.07421875 0.02265625
7 0.27578125 0.490625 0.0765625 0.01953125
1 0.084375 0.36953125 0.0125 0.021875
1 0.87578125 0.38515625 0.01328125 0.021875
1 0.79375 0.55703125 0.01328125 0.02421875
1 0.7296875 0.52109375 0.0125 0.0234375
5 0.11484375 0.37109375 0.0421875 0.01875
5 0.175 0.41328125 0.05390625 0.01875
8 0.13984375 0.41171875 0.0109375 0.01953125
5 0.85234375 0.43046875 0.05234375 0.0171875
8 0.81796875 0.42890625 0.01171875 0.01953125
8 0.81484375 0.5234375 0.01171875 0.0203125
8 0.70546875 0.56796875 0.01171875 0.0203125
5 0.76015625 0.5234375 0.0421875 0.01796875
5 0.740625 0.56875 0.05234375 0.01953125
5 0.8234375 0.55625 0.0421875 0.0171875
5 0.85078125 0.525 0.0546875 0.01640625
5 0.90546875 0.38671875 0.0421875 0.01796875