0 0.10859375 0.221875 0.1546875 0.05234375
0 0.10859375 0.284375 0.15546875 0.0484375
0 0.125 0.4171875 0.13984375 0.109375
0 0.10859375 0.3265625 0.03359375 0.03203125
10 0.0390625 0.621875 0.0484375 0.040625
10 0.45703125 0.62109375 0.05 0.0375
10 0.86328125 0.61953125 0.0546875 0.04375
4 0.6390625 0.71796875 0.13671875 0.03984375
4 0.47421875 0.70859375 0.08828125 0.0796875
4 0.2015625 0.71015625 0.3515625 0.0515625
4 0.21640625 0.665625 0.3515625 0.03203125
2 0.35625 0.34921875 0.01875 0.03828125
2 0.43125 0.23828125 0.1109375 0.03828125
2 0.26875 0.29375 0.10859375 0.2125
2 0.284375 0.51328125 0.14375 0.22578125
7 0.2578125 0.3546875 0.07578125 0.0203125
7 0.2578125 0.32890625 0.0765625 0.021875
7 0.25859375 0.3015625 0.07734375 0.01875
7 0.25859375 0.271875 0.0765625 0.02109375
7 0.259375 0.24453125 0.07578125 0.02109375
7 0.25703125 0.5734375 0.07421875 0.0234375
7 0.2578125 0.54375 0.07578125 0.01796875
7 0.2578125 0.51640625 0.07578125 0.021875
7 0.25859375 0.4875 0.07734375 0.01875
7 0.25859375 0.46171875 0.07578125 0.0234375
1 0.6234375 0.40859375 0.0125 0.02265625
1 0.671875 0.5640625 0.01328125 0.02421875
1 0.5953125 0.50234375 0.0140625 0.025
1 0.40703125 0.509375 0.01328125 0.02265625
5 0.43671875 0.509375 0.0421875 0.01796875
5 0.653125 0.41015625 0.0421875 0.01640625
5 0.62421875 0.50078125 0.0421875 0.0171875
5 0.7015625 0.5625 0.0421875 0.01796875
5 0.91171875 0.21796875 0.05234375 0.01484375
5 0.909375 0.26171875 0.053125 0.01640625
5 0.90859375 0.3125 0.05234375 0.01640625
5 0.90859375 0.35 0.05234375 0.015625
8 0.8765625 0.2171875 0.01171875 0.01953125
8 0.87265625 0.26015625 0.0109375 0.02109375
8 0.8734375 0.31171875 0.0109375 0.01953125
8 0.8734375 0.3484375 0.0109375 0.01953125